[input_parameters]
Lx = 62.83185307
Ly = 1.0
Lz = 1.0
mi_me = 1.0
Ti_Te = 1.0
qs = [-1.0, -1.0]
alpha_e = [0.044721359, 0.044721359, 0.141421356]
alpha_s = [0.044721359, 0.044721359, 0.141421356, 0.044721359, 0.044721359, 0.141421356]
u_s = [0.0, 0.0, 0.0, 0.0, 0.0, 0.0]
Omega_cs = [1.0, 1.0]
nu = 1.0
t_max = 100.0
kx = 1.0
dEz = 0.0001
ode_tolerance = 1e-10

[solver_parameters]
Nx = 129
Ny = 1
Nz = 1
Nn = 5
Nm = 1
Np = 5
Ns = 2
timesteps = 1000