[input_parameters]
Lx = 10.0
Ly = 1.0
Lz = 1.0
mi_me = 1000000.0
Ti_Te = 1.0
qs = [-1.0, -1.0]
alpha_s = [0.044721359, 0.141421354, 0.141421354, 0.000044721359, 0.000141421354, 0.000141421354]
u_s = [0.0, 0.0, 0.0, 0.0, 0.0, 0.0]
Omega_cs = [1.0, 0.001]
nu = 0.0
t_max = 10.0
nx = 10
dEz = 0.00001
ode_tolerance = 1e-12

[solver_parameters]
Nx = 101
Ny = 1
Nz = 1
Nn = 5
Nm = 5
Np = 5
Ns = 2
timesteps = 1000
solver = "Dopri8"