[input_parameters]
Lx = 10.47
Ly = 1.0
Lz = 1.0
mi_me = 10000.0
Ti_Te = 1.0
qs = [-1.0, 1.0]
alpha_s = [0.014142135, 0.14142135, 0.14142135, 0.00014142135, 0.0014142135, 0.0014142135]
u_s = [0.0, 0.0, 0.0, 0.0, 0.0, 0.0]
Omega_cs = [1.0, 0.0001]
nu = 2.0
t_max = 15.0
nx = 5
dE = 0.0001
ode_tolerance = 1e-10

[solver_parameters]
Nx = 51
Ny = 1
Nz = 1
Nn = 10
Nm = 1
Np = 10
Ns = 2
timesteps = 151
dt = 0.001
solver = "Dopri8"