[input_parameters]
Lx = 10.0
Ly = 1.0
Lz = 1.0
mi_me = 10000.0
Ti_Te = 1.0
qs = [-1.0, 1.0]
alpha_s = [0.141421354, 1.41421354, 1.41421354, 0.00141421354, 0.0141421354, 0.0141421354]
u_s = [0.0, 0.0, 0.0, 0.0, 0.0, 0.0]
Omega_cs = [1.0, 0.01]
nu = 2.0
t_max = 15.0
nx = 5
dE = 0.0001
ode_tolerance = 1e-10

[solver_parameters]
Nx = 101
Ny = 1
Nz = 1
Nn = 10
Nm = 1
Np = 10
Ns = 2
timesteps = 151
dt = 0.001
solver = "Dopri8"